<?xml version="1.0"?>
<opencv_storage>
<classifications type_id="opencv-matrix">
  <rows>187</rows>
  <cols>1</cols>
  <dt>i</dt>
  <data>
    48 48 48 48 48 48 49 49 49 49 49 49 50 50 50 50 50 50 51 51 51 51 51
    51 52 52 52 52 52 52 53 53 53 53 53 53 54 54 54 54 54 54 55 55 55 55
    55 55 55 56 56 56 56 56 56 57 57 57 57 57 57 65 65 65 65 65 65 66 66
    66 66 66 66 67 67 67 67 67 67 68 68 68 68 68 68 69 69 69 69 69 69 70
    70 70 70 70 70 71 71 71 71 71 71 72 72 72 72 72 72 73 73 73 73 73 73
    74 74 74 74 74 74 75 75 75 75 75 75 76 76 76 76 76 76 77 77 77 77 77
    77 78 78 78 78 78 78 80 80 80 80 80 80 81 81 81 81 81 81 82 82 82 82
    82 82 83 83 83 83 83 83 84 84 84 84 84 84 85 85 85 85 85 85 86 86 86
    86 86 86</data></classifications>
</opencv_storage>
